326.9453250180013 Training_Time (s)
53.82037907300037 Test_time (s)
97.24939191200238 Kappa accuracy (%)
97.83132022952277 Overall accuracy (%)
98.59176417192782 Average accuracy (%)
[ 98.20973728  99.43960149  96.45462571  98.57532902  99.66204799
  97.29760264  93.50502038  99.94672349  99.41059036  98.53646436
  98.84274382  98.15114398  93.61012293  98.51190476 100.
  99.6265441  100.          99.93143641  99.36994769  99.93722536
 100.         100.        ] Each accuracy (%)
                          precision    recall  f1-score   support

                Red roof     0.9803    0.9821    0.9812     13741
                    Road     0.8425    0.9944    0.9122      3212
               Bare soil     0.9956    0.9645    0.9798     21521
                  Cotton     0.9981    0.9858    0.9919    162985
         Cotton firewood     0.7736    0.9966    0.8711      5918
                    Rape     0.9918    0.9730    0.9823     44257
         Chinese cabbage     0.9874    0.9351    0.9605     23803
                 Pakchoi     0.9371    0.9995    0.9673      3754
                 Cabbage     0.9892    0.9941    0.9917     10519
           Tuber mustard     0.9559    0.9854    0.9704     12094
  Brassica parachinensis     0.9788    0.9884    0.9836     10715
      Brassica chinensis     0.8964    0.9815    0.9370      8654
Small Brassica chinensis     0.9527    0.9361    0.9443     22207
          Lactuca sativa     0.9739    0.9851    0.9795      7056
                 Celtuce     0.9046    1.0000    0.9499       702
    Film covered lettuce     0.9913    0.9963    0.9938      6962
         Romaine lettuce     0.9941    1.0000    0.9971      2710
                  Carrot     0.9095    0.9993    0.9523      2917
            White radish     0.9683    0.9937    0.9808      8412
           Garlic sprout     0.9867    0.9994    0.9930      3186
              Broad bean     0.9781    1.0000    0.9889      1028
                    Tree     0.8858    1.0000    0.9395      3740

                accuracy                         0.9783    380093
               macro avg     0.9487    0.9859    0.9658    380093
            weighted avg     0.9800    0.9783    0.9787    380093

[[ 13495    133      0      0     53     47      0      0      0      0
       0      0      2      0      0      0      0      0     11      0
       0      0]
 [    12   3194      6      0      0      0      0      0      0      0
       0      0      0      0      0      0      0      0      0      0
       0      0]
 [    78    386  20758     10     32      2     16     15     63      3
      15     33     16     32      0      0      1      3     56      1
       1      0]
 [   174     20     17 160663   1617     15     40     16      0      1
      48      0     31      0      1      0      0      1      5      5
       2    329]
 [     0      0      0     10   5898      2      0      0      0      0
       0      0      8      0      0      0      0      0      0      0
       0      0]
 [     2      0      0     26      5  43061      0     17      0    112
      59      0    866      3      0      0      0     22     82      0
       0      2]
 [     2     32     10    151      7     86  22257    102     30    277
      28    395     19     66     47     19      3     34     59     30
       3    146]
 [     0      0      0      0      0      0      0   3752      0      0
       0      0      0      0      0      0      0      0      0      0
       2      0]
 [     0      0      0      0      0     10      1      0  10457      0
       5      0      0      0      4     33      0      0      9      0
       0      0]
 [     0      0      0      1      1     25      9      7      7  11917
       0      3     10     10      0      0      0    103      1      0
       0      0]
 [     0      3      0      0      0     14     52      1      0      1
   10591      5      3      0     22      0      0      6     10      1
       3      3]
 [     1      0      1      0      0     15     17      0      0     53
       3   8494     43      0      0      9      0      3     15      0
       0      0]
 [     0      9     42    106      8    136    138     94      7     52
      50    546  20788     75      0      0      0    118     26      0
      12      0]
 [     0      0     15      0      0      1     12      0      0     48
       0      0     27   6951      0      0      0      0      0      0
       0      2]
 [     0      0      0      0      0      0      0      0      0      0
       0      0      0      0    702      0      0      0      0      0
       0      0]
 [     0     11      0      0      0      0      0      0      2      0
       0      0      1      0      0   6936     12      0      0      0
       0      0]
 [     0      0      0      0      0      0      0      0      0      0
       0      0      0      0      0      0   2710      0      0      0
       0      0]
 [     0      0      0      0      0      0      0      0      0      0
       0      0      2      0      0      0      0   2915      0      0
       0      0]
 [     2      3      0      4      3      3      0      0      5      3
      19      0      5      0      0      0      0      0   8359      6
       0      0]
 [     0      0      0      0      0      0      0      0      0      0
       2      0      0      0      0      0      0      0      0   3184
       0      0]
 [     0      0      0      0      0      0      0      0      0      0
       0      0      0      0      0      0      0      0      0      0
    1028      0]
 [     0      0      0      0      0      0      0      0      0      0
       0      0      0      0      0      0      0      0      0      0
       0   3740]]