312.0124256199997 Training_Time (s)
39.21580119700229 Test_time (s)
97.7714679607886 Kappa accuracy (%)
98.09876152415622 Overall accuracy (%)
98.47788572640039 Average accuracy (%)
[ 97.6955103   98.19177838  99.1689196   99.98020978 100.
  98.20458304  99.21470641  97.14899876  98.47311593  99.65740016
  98.25416892  99.91121634  94.71415608  96.48411829 100.
  98.54728965] Each accuracy (%)
               precision    recall  f1-score   support

   Strawberry     0.9982    0.9770    0.9875     44435
       Cowpea     0.9913    0.9819    0.9866     22453
      Soybean     0.9942    0.9917    0.9929      9987
      Sorghum     0.9910    0.9998    0.9954      5053
Water spinach     0.9202    1.0000    0.9585       900
   Watermelon     0.8587    0.9820    0.9162      4233
       Greens     0.9695    0.9921    0.9807      5603
        Trees     0.9790    0.9715    0.9752     17678
        Grass     0.9327    0.9847    0.9580      9169
     Red roof     0.9912    0.9966    0.9939     10216
    Gray roof     0.9464    0.9825    0.9641     16611
      Plastic     0.9690    0.9991    0.9838      3379
    Bare soil     0.8815    0.9471    0.9132      8816
         Road     0.9922    0.9648    0.9783     18260
Bright object     0.9207    1.0000    0.9587       836
        Water     0.9998    0.9855    0.9926     75101

     accuracy                         0.9810    252730
    macro avg     0.9585    0.9848    0.9710    252730
 weighted avg     0.9819    0.9810    0.9812    252730

[[43411     3     6     0    18   357    25     0    23     0    54    12
    457    69     0     0]
 [    0 22047    13     5     3     3    61    78    12     0     0    14
    211     0     6     0]
 [    1     0  9904    31     0    33     0    13     0     2     0     0
      3     0     0     0]
 [    0     0     1  5052     0     0     0     0     0     0     0     0
      0     0     0     0]
 [    0     0     0     0   900     0     0     0     0     0     0     0
      0     0     0     0]
 [    5     8    21     0     2  4157     0     0     5     0     5     0
     28     0     2     0]
 [    0     3     0     0     0     0  5559    17     0     0    16     0
      8     0     0     0]
 [    1    51     1     0     0    73    73 17174   164     3   113     0
      0     5    20     0]
 [    0     0     0     0    38     0     2    13  9029     0    11     0
     30    21     7    18]
 [    0     2     0     0     0     0     0    24     0 10181     1     0
      8     0     0     0]
 [    0    14     0     0     0     0     8    72    63    57 16321    22
     10    44     0     0]
 [    0     0     0     0     3     0     0     0     0     0     0  3376
      0     0     0     0]
 [   38    97    16    10     0   218     4    38    28     2     0    12
   8350     0     3     0]
 [   32     1     0     0     0     0     1    73    22    26    38    48
    367 17618    34     0]
 [    0     0     0     0     0     0     0     0     0     0     0     0
      0     0   836     0]
 [    0    14     0     0    14     0     1    41   334     0   687     0
      0     0     0 74010]]