239.82364976601093 Training_Time (s)
28.967355884000426 Test_time (s)
99.47671482186105 Kappa accuracy (%)
99.60315494297521 Overall accuracy (%)
99.52293168482524 Average accuracy (%)
[ 99.99415393  99.85137478 100.          99.15755341  99.89613088
  99.87882984  99.90862245  98.35873388  98.660986  ] Each accuracy (%)
                     precision    recall  f1-score   support

               Corn     0.9990    0.9999    0.9995     34211
             Cotton     0.9993    0.9985    0.9989      8074
             Sesame     0.9949    1.0000    0.9974      2731
 Broad-leaf soybean     0.9999    0.9916    0.9957     62912
Narrow-leaf soybean     0.9228    0.9990    0.9594      3851
               Rice     0.9955    0.9988    0.9971     11554
              Water     0.9999    0.9991    0.9995     66756
   Roads and houses     0.9712    0.9836    0.9774      6824
         Mixed weed     0.9687    0.9866    0.9776      4929

           accuracy                         0.9960    201842
          macro avg     0.9835    0.9952    0.9892    201842
       weighted avg     0.9962    0.9960    0.9961    201842

[[34209     0     0     2     0     0     0     0     0]
 [    1  8062     6     0     0     0     0     5     0]
 [    0     0  2731     0     0     0     0     0     0]
 [   34     5     8 62382   321    45     0   115     2]
 [    0     0     0     2  3847     0     0     2     0]
 [    0     0     0     4     0 11540     0    10     0]
 [    0     0     0     0     0     0 66695     8    53]
 [    0     1     0     1     1     7     0  6712   102]
 [    0     0     0     0     0     0     7    59  4863]]